0xbedc1a821adbbfd76133d3aa7f0a9ae8a4a9edf7,162,0,0,0
0x3b12362fa0d354401b10b6303686187ebcfbaec7,4,1,25,2500
0xbe63b42e6658b6e8c20e4b484d6a3f21b8bbc460,2,1,35,3100
0x84bfc882147128d629e7e04a75af9732256c69f2,1,1,25,2500
0xfd8ccd3ad05d35ce263261b220ffc8ce646e66dd,3,1,25,2500
0x5a5758133064eb8b3ed49f8b39051b28ab33ad61,3,1,25,2500
0x3953ae624a1c800912b9baa47943c2cb5be688c0,3,1,25,2500
0x2f33c368197572c120ed15beade2d08bcfbea72a,3,1,25,2500
0x7f863344f9cdd6d8f54ba299b815b90bf9006720,3,1,25,2500
0x8b4a3e1623eb852fa10590cd4ba0cf498aa08abc,3,1,25,2500
0x5afab0c5608a77e4296708deb1f0df6d09c0694c,3,1,25,2500
0x78b15de78f6ff81707a25154452ad091c6b232da,3,1,25,2500
0x8a59f06a0e6736790672b7e3825affd168658010,3,1,25,2500
